[
    {
        "metadata": {
            "version": 4.5,
            "type": "Object",
            "generator": "Object3D.toJSON"
        },
        "object": {
            "uuid": "E8C86B0B-ADB2-4AF8-AB11-A50653C38954",
            "type": "Bone",
            "name": "mixamorigHips",
            "layers": 1,
            "matrix": [
                1,
                -1.0239484929513598e-9,
                -6.268947519386669e-12,
                0,
                -6.268947519386669e-12,
                -2.220446049250313e-16,
                -1.0000000000000002,
                0,
                1.0239484929513598e-9,
                1.0000000000000002,
                -2.220446049250313e-16,
                0,
                -0.000564472924452275,
                1.3796685934066772,
                -95.22978973388672,
                1
            ],
            "parent": null
        }
    },
    {
        "metadata": {
            "version": 4.5,
            "type": "Object",
            "generator": "Object3D.toJSON"
        },
        "object": {
            "uuid": "93A13D98-F8DA-4BB0-B246-6D51A5D863B2",
            "type": "Bone",
            "name": "mixamorigSpine",
            "layers": 1,
            "matrix": [
                1,
                -7.913466090697224e-18,
                -2.6156042114447206e-18,
                0,
                7.815380988702416e-18,
                0.9993667005596186,
                -0.035583941920893196,
                0,
                2.8955400685256816e-18,
                0.035583941920893196,
                0.9993667005596186,
                0,
                0,
                10.058830261230469,
                -0.3581603765487671,
                1
            ],
            "parent": 0
        }
    },
    {
        "metadata": {
            "version": 4.5,
            "type": "Object",
            "generator": "Object3D.toJSON"
        },
        "object": {
            "uuid": "9CF6B9AD-004D-439F-8051-5192C00AAC6D",
            "type": "Bone",
            "name": "mixamorigSpine1",
            "layers": 1,
            "matrix": [
                1,
                4.33723716807755e-12,
                7.719542565292024e-14,
                0,
                -4.337237165203618e-12,
                1,
                -3.722930941307824e-8,
                0,
                -7.719558712526477e-14,
                3.722930941307824e-8,
                1,
                0,
                0,
                11.742749214172363,
                0,
                1
            ],
            "parent": 1
        }
    },
    {
        "metadata": {
            "version": 4.5,
            "type": "Object",
            "generator": "Object3D.toJSON"
        },
        "object": {
            "uuid": "E31F280E-65F4-4150-9124-4E56B7A2C45A",
            "type": "Bone",
            "name": "mixamorigSpine2",
            "layers": 1,
            "matrix": [
                1,
                -4.337268826955548e-12,
                -7.719295605794105e-14,
                0,
                4.337268823732494e-12,
                1,
                -4.175322132482509e-8,
                0,
                7.719314635502537e-14,
                4.175322630219694e-8,
                1.0000001192092896,
                0,
                0,
                13.420247077941895,
                0,
                1
            ],
            "parent": 2
        }
    },
    {
        "metadata": {
            "version": 4.5,
            "type": "Object",
            "generator": "Object3D.toJSON"
        },
        "object": {
            "uuid": "4D7BB3AB-D19D-4A19-B646-1E89AA219D45",
            "type": "Bone",
            "name": "mixamorigNeck",
            "layers": 1,
            "matrix": [
                1,
                -8.045767733112997e-18,
                -6.181517637488485e-19,
                0,
                8.062668678809516e-18,
                0.999366700690773,
                0.03558402019384357,
                0,
                3.3145950738584746e-19,
                -0.0355840180694969,
                0.9993666410291241,
                0,
                0,
                15.097838401794434,
                0,
                1
            ],
            "parent": 3
        }
    },
    {
        "metadata": {
            "version": 4.5,
            "type": "Object",
            "generator": "Object3D.toJSON"
        },
        "object": {
            "uuid": "004D154C-3760-4012-B24E-3D2787C777F1",
            "type": "Bone",
            "name": "mixamorigHead",
            "layers": 1,
            "matrix": [
                1,
                0,
                0,
                0,
                0,
                1,
                0,
                0,
                0,
                0,
                1,
                0,
                0,
                8.0855712890625,
                2.687786102294922,
                1
            ],
            "parent": 4
        }
    },
    {
        "metadata": {
            "version": 4.5,
            "type": "Object",
            "generator": "Object3D.toJSON"
        },
        "object": {
            "uuid": "783D266A-AACC-45CE-91DA-F4ED9CB8646D",
            "type": "Bone",
            "name": "mixamorigHeadTop_End",
            "layers": 1,
            "matrix": [
                1,
                0,
                0,
                0,
                0,
                1,
                0,
                0,
                0,
                0,
                1,
                0,
                0,
                21.499176025390625,
                7.146702289581299,
                1
            ],
            "parent": 5
        }
    },
    {
        "metadata": {
            "version": 4.5,
            "type": "Object",
            "generator": "Object3D.toJSON"
        },
        "object": {
            "uuid": "38A4FB9C-937A-49BB-8E3E-4020ECF40DED",
            "type": "Bone",
            "name": "mixamorigLeftShoulder",
            "layers": 1,
            "matrix": [
                -0.010837370532835892,
                0.000001960437286773094,
                -0.999941229537451,
                0,
                0.9548052548942189,
                -0.29705178890717593,
                -0.01034876888732493,
                0,
                -0.2970343680366368,
                -0.9548613477151885,
                0.003217388649029238,
                0,
                5.949109077453613,
                13.247734069824219,
                -0.06445075571537018,
                1
            ],
            "parent": 0
        }
    },
    {
        "metadata": {
            "version": 4.5,
            "type": "Object",
            "generator": "Object3D.toJSON"
        },
        "object": {
            "uuid": "D303F524-64D3-477B-B7EA-4D63BBC11AC5",
            "type": "Bone",
            "name": "mixamorigLeftArm",
            "layers": 1,
            "matrix": [
                0.9973150490301742,
                -0.07323000027413648,
                -4.266984255272159e-8,
                0,
                0.07139183225105589,
                0.9722812770128555,
                -0.22264842875981364,
                0,
                0.016304586639071486,
                0.2220506344901174,
                0.9748988123872319,
                0,
                0,
                12.472151756286621,
                0,
                1
            ],
            "parent": 6
        }
    },
    {
        "metadata": {
            "version": 4.5,
            "type": "Object",
            "generator": "Object3D.toJSON"
        },
        "object": {
            "uuid": "15B7BF2C-7352-4DD3-81D4-5EDEDAB6F060",
            "type": "Bone",
            "name": "mixamorigLeftForeArm",
            "layers": 1,
            "matrix": [
                0.9922896029777307,
                0.1239406895806827,
                4.597386732917504e-9,
                0,
                -0.12292405086578084,
                0.9841502304879256,
                -0.1278207196247732,
                0,
                -0.015842191634063287,
                0.1268351623697621,
                0.9917972690388133,
                0,
                0,
                23.81488800048828,
                0,
                1
            ],
            "parent": 7
        }
    },
    {
        "metadata": {
            "version": 4.5,
            "type": "Object",
            "generator": "Object3D.toJSON"
        },
        "object": {
            "uuid": "5EA62591-D1A3-4919-834E-ADA9C7AE3AD3",
            "type": "Bone",
            "name": "mixamorigLeftHand",
            "layers": 1,
            "matrix": [
                0.9998633861558982,
                -0.01649164578270014,
                -0.0010267909691793755,
                0,
                0.016518106538152545,
                0.9960011839706576,
                0.08779899086869956,
                0,
                -0.0004252648757820625,
                -0.08780396506582884,
                0.9961376192148058,
                0,
                0,
                24.55633544921875,
                0,
                1
            ],
            "parent": 8
        }
    },
    {
        "metadata": {
            "version": 4.5,
            "type": "Object",
            "generator": "Object3D.toJSON"
        },
        "object": {
            "uuid": "14E2F870-196E-41AE-82C4-D6FF31434913",
            "type": "Bone",
            "name": "mixamorigLeftHandThumb1",
            "layers": 1,
            "matrix": [
                0.8113642755079474,
                0.5845408683798873,
                0.000001999154079901517,
                0,
                -0.557167692672527,
                0.773368264129037,
                0.3024330401390193,
                0,
                0.1767829328269208,
                -0.24538448808197263,
                0.9531707059741101,
                0,
                -2.831979751586914,
                2.535834550857544,
                1.178026795387268,
                1
            ],
            "parent": 9
        }
    },
    {
        "metadata": {
            "version": 4.5,
            "type": "Object",
            "generator": "Object3D.toJSON"
        },
        "object": {
            "uuid": "F1B61BB3-023C-46A1-A8E1-93A6DFA760F7",
            "type": "Bone",
            "name": "mixamorigLeftHandThumb2",
            "layers": 1,
            "matrix": [
                0.9999999403953473,
                1.8730040411076449e-7,
                -3.900999792438474e-8,
                0,
                -1.8284804352819928e-7,
                0.9956451055079105,
                0.09322476740399835,
                0,
                5.6301156843298147e-8,
                -0.0932247730011696,
                0.9956451652860854,
                0,
                -0.6523744463920593,
                3.1162617206573486,
                0,
                1
            ],
            "parent": 10
        }
    },
    {
        "metadata": {
            "version": 4.5,
            "type": "Object",
            "generator": "Object3D.toJSON"
        },
        "object": {
            "uuid": "40B24071-BC0E-4ED8-BA68-07F433D40835",
            "type": "Bone",
            "name": "mixamorigLeftHandThumb3",
            "layers": 1,
            "matrix": [
                0.9999999999999869,
                -2.221833689564261e-7,
                8.36327953817667e-7,
                0,
                3.810027661652828e-7,
                0.9808030145729478,
                -0.195000833537123,
                0,
                -7.769469907106524e-7,
                0.19500082213758307,
                0.9808029572347358,
                0,
                0.14304745197296143,
                3.0561039447784424,
                0,
                1
            ],
            "parent": 11
        }
    },
    {
        "metadata": {
            "version": 4.5,
            "type": "Object",
            "generator": "Object3D.toJSON"
        },
        "object": {
            "uuid": "D0229BA9-20E6-4E8C-9F32-DD4A87D43182",
            "type": "Bone",
            "name": "mixamorigLeftHandThumb4",
            "layers": 1,
            "matrix": [
                0.999999940395356,
                -3.578321999320611e-8,
                -1.242330044232702e-7,
                0,
                3.57832248647483e-8,
                0.9999999999999991,
                2.2044833067828893e-8,
                0,
                1.2423301103929953e-7,
                -2.2044837513286717e-8,
                1.0000000000000016,
                0,
                0.5093299746513367,
                2.328845977783203,
                0,
                1
            ],
            "parent": 11
        }
    },
    {
        "metadata": {
            "version": 4.5,
            "type": "Object",
            "generator": "Object3D.toJSON"
        },
        "object": {
            "uuid": "3C3F7756-DED8-42BB-A8E3-CE19055858A1",
            "type": "Bone",
            "name": "mixamorigLeftHandIndex1",
            "layers": 1,
            "matrix": [
                0.9972307683049305,
                0.07437060637680015,
                4.320379136154406e-7,
                0,
                -0.07435010658713408,
                0.9969557515100976,
                0.023481264991682817,
                0,
                0.0017458851506447362,
                -0.02341627147915425,
                0.9997243881630276,
                0,
                -3.3362910747528076,
                8.315770149230957,
                0.10195999592542648,
                1
            ],
            "parent": 9
        }
    },
    {
        "metadata": {
            "version": 4.5,
            "type": "Object",
            "generator": "Object3D.toJSON"
        },
        "object": {
            "uuid": "1B0F9B36-139A-469E-AC67-0C5E65487EF3",
            "type": "Bone",
            "name": "mixamorigLeftHandIndex2",
            "layers": 1,
            "matrix": [
                1.0000001192092902,
                8.366749214996163e-8,
                -2.402800509669968e-7,
                0,
                -3.9468339928410736e-8,
                0.9839645600089063,
                0.17836479680482792,
                0,
                2.5135034582849914e-7,
                -0.17836478681799445,
                0.9839645049157464,
                0,
                0.012762250378727913,
                3.04565691947937,
                0,
                1
            ],
            "parent": 12
        }
    },
    {
        "metadata": {
            "version": 4.5,
            "type": "Object",
            "generator": "Object3D.toJSON"
        },
        "object": {
            "uuid": "890089E9-05A2-4718-BA69-A14C745D22EE",
            "type": "Bone",
            "name": "mixamorigLeftHandIndex3",
            "layers": 1,
            "matrix": [
                0.999999940395356,
                -1.254382894088454e-7,
                2.4605637825966267e-7,
                0,
                1.1200391813512765e-7,
                0.9985486264725986,
                0.053858876696607084,
                0,
                -2.524551939801296e-7,
                -0.05385886710145276,
                0.9985484485780624,
                0,
                -0.004546751733869314,
                2.8067543506622314,
                0,
                1
            ],
            "parent": 13
        }
    },
    {
        "metadata": {
            "version": 4.5,
            "type": "Object",
            "generator": "Object3D.toJSON"
        },
        "object": {
            "uuid": "FC7C56DC-B1B3-4DEB-8D00-6630BA460C86",
            "type": "Bone",
            "name": "mixamorigLeftHandIndex4",
            "layers": 1,
            "matrix": [
                0.9999999999999999,
                -1.1687323987490281e-8,
                -2.3473203878317586e-9,
                0,
                1.1687325400703233e-8,
                1.0000001192092893,
                8.509857819953604e-9,
                0,
                2.347320288374305e-9,
                -8.509856832933513e-9,
                1.0000000000000002,
                0,
                -0.00821599829941988,
                2.4400582313537598,
                0,
                1
            ],
            "parent": 14
        }
    },
    {
        "metadata": {
            "version": 4.5,
            "type": "Object",
            "generator": "Object3D.toJSON"
        },
        "object": {
            "uuid": "10311C3E-EB72-42CE-BC78-96CE3DADCE9F",
            "type": "Bone",
            "name": "mixamorigLeftHandMiddle1",
            "layers": 1,
            "matrix": [
                0.9999529719816631,
                0.0096991070215837,
                -7.296767329522328e-8,
                0,
                -0.00969822900228138,
                0.9998625516482593,
                0.01345143894434002,
                0,
                0.00013053990166245682,
                -0.013450805446698496,
                0.9999095797241817,
                0,
                -0.9020193219184875,
                8.435622215270996,
                -0.1415116786956787,
                1
            ],
            "parent": 9
        }
    },
    {
        "metadata": {
            "version": 4.5,
            "type": "Object",
            "generator": "Object3D.toJSON"
        },
        "object": {
            "uuid": "0D7E4556-FF83-4FC9-BD03-2D01309DFB50",
            "type": "Bone",
            "name": "mixamorigLeftHandMiddle2",
            "layers": 1,
            "matrix": [
                1,
                -7.116526373409146e-8,
                3.631607124272927e-8,
                0,
                6.128639876614298e-8,
                0.9748691377990769,
                0.222777967293872,
                0,
                -5.1257475814070954e-8,
                -0.22277799318367034,
                0.9748692510920064,
                0,
                0.009086939506232738,
                3.1935949325561523,
                0,
                1
            ],
            "parent": 15
        }
    },
    {
        "metadata": {
            "version": 4.5,
            "type": "Object",
            "generator": "Object3D.toJSON"
        },
        "object": {
            "uuid": "697195E4-AEB4-4BE3-B0E5-E39FEB5D3F8A",
            "type": "Bone",
            "name": "mixamorigLeftHandMiddle3",
            "layers": 1,
            "matrix": [
                0.9999999999999999,
                6.165547469812707e-8,
                2.7499474051749057e-8,
                0,
                -6.077490924824105e-8,
                0.9995210770831903,
                -0.030947400248631077,
                0,
                -2.9394377046912476e-8,
                0.030947396532636093,
                0.9995209570662099,
                0,
                -0.00578710064291954,
                3.085158348083496,
                0,
                1
            ],
            "parent": 16
        }
    },
    {
        "metadata": {
            "version": 4.5,
            "type": "Object",
            "generator": "Object3D.toJSON"
        },
        "object": {
            "uuid": "ED0CDB62-69D2-45DD-92BD-AE760A72B8AE",
            "type": "Bone",
            "name": "mixamorigLeftHandMiddle4",
            "layers": 1,
            "matrix": [
                1,
                4.453063397403078e-9,
                -1.1897190437259574e-7,
                0,
                -4.453065770082153e-9,
                0.9999999999999998,
                -1.994318816911802e-8,
                0,
                1.1897190428378748e-7,
                1.994318869890775e-8,
                1.0000000000000002,
                0,
                -0.0032990609761327505,
                2.6929306983947754,
                0,
                1
            ],
            "parent": 17
        }
    },
    {
        "metadata": {
            "version": 4.5,
            "type": "Object",
            "generator": "Object3D.toJSON"
        },
        "object": {
            "uuid": "02374259-71DC-49CE-8A48-1AD22BB44909",
            "type": "Bone",
            "name": "mixamorigLeftHandRing1",
            "layers": 1,
            "matrix": [
                0.9994619486990841,
                -0.032802750956628345,
                -1.542040014285873e-7,
                0,
                0.03271871566099993,
                0.9969011539704261,
                0.07153774755067849,
                0,
                -0.0023464810030974256,
                -0.07149925589978344,
                0.9974379541194887,
                0,
                1.1323938369750977,
                8.436694145202637,
                -0.20711252093315125,
                1
            ],
            "parent": 9
        }
    },
    {
        "metadata": {
            "version": 4.5,
            "type": "Object",
            "generator": "Object3D.toJSON"
        },
        "object": {
            "uuid": "EFA3F02C-F649-40DE-9A29-0D3F8E6273A6",
            "type": "Bone",
            "name": "mixamorigLeftHandRing2",
            "layers": 1,
            "matrix": [
                0.9999999999999998,
                -4.6061009881157335e-8,
                -5.022375764984404e-9,
                0,
                4.613532071250963e-8,
                0.9798171497973139,
                0.19989609319310733,
                0,
                -4.286405766181156e-9,
                -0.19989608151884591,
                0.979817092574378,
                0,
                0.0022269622422754765,
                2.74079966545105,
                0,
                1
            ],
            "parent": 18
        }
    },
    {
        "metadata": {
            "version": 4.5,
            "type": "Object",
            "generator": "Object3D.toJSON"
        },
        "object": {
            "uuid": "92831050-4BF2-4DD3-9668-23E895049570",
            "type": "Bone",
            "name": "mixamorigLeftHandRing3",
            "layers": 1,
            "matrix": [
                0.9999999999999999,
                6.804061818817749e-8,
                -7.839651707147348e-8,
                0,
                -8.472726056421339e-8,
                0.9713310601826244,
                -0.23773115771225284,
                0,
                5.997359342365017e-8,
                0.23773114310645846,
                0.9713310005056893,
                0,
                -0.005207881331443787,
                2.7575764656066895,
                0,
                1
            ],
            "parent": 19
        }
    },
    {
        "metadata": {
            "version": 4.5,
            "type": "Object",
            "generator": "Object3D.toJSON"
        },
        "object": {
            "uuid": "089ACD9C-4C07-454A-A641-BF05CD122F29",
            "type": "Bone",
            "name": "mixamorigLeftHandRing4",
            "layers": 1,
            "matrix": [
                1,
                -1.2746099457507724e-11,
                -2.8086866165698247e-9,
                0,
                1.274607835560569e-11,
                1,
                -7.513085265049705e-9,
                0,
                2.8086866166655874e-9,
                7.513085265013905e-9,
                1,
                0,
                0.0029803721699863672,
                2.2850053310394287,
                0,
                1
            ],
            "parent": 20
        }
    },
    {
        "metadata": {
            "version": 4.5,
            "type": "Object",
            "generator": "Object3D.toJSON"
        },
        "object": {
            "uuid": "74E9C396-781C-4A83-9B16-503806E2440B",
            "type": "Bone",
            "name": "mixamorigLeftHandPinky1",
            "layers": 1,
            "matrix": [
                0.9982985260048087,
                -0.05831209982130339,
                -1.8867126566848972e-7,
                0,
                0.05823671543925202,
                0.9970077868803592,
                0.05083541713371043,
                0,
                -0.0029641315909625437,
                -0.050748929202839424,
                0.9987072348697518,
                0,
                3.105914831161499,
                8.079435348510742,
                0.09297028928995132,
                1
            ],
            "parent": 9
        }
    },
    {
        "metadata": {
            "version": 4.5,
            "type": "Object",
            "generator": "Object3D.toJSON"
        },
        "object": {
            "uuid": "7233FB79-A4B9-45A0-BBB6-E1E7975DC58B",
            "type": "Bone",
            "name": "mixamorigLeftHandPinky2",
            "layers": 1,
            "matrix": [
                1,
                -6.417040102880665e-8,
                -1.1208566525358654e-7,
                0,
                8.366230850150943e-8,
                0.9829938991328468,
                0.18363807484852052,
                0,
                9.839539099075104e-8,
                -0.18363806509401123,
                0.9829938469180143,
                0,
                0.0025856266729533672,
                2.5273916721343994,
                0,
                1
            ],
            "parent": 21
        }
    },
    {
        "metadata": {
            "version": 4.5,
            "type": "Object",
            "generator": "Object3D.toJSON"
        },
        "object": {
            "uuid": "A8A25D38-EBE0-47C5-8A9D-D5183B67F340",
            "type": "Bone",
            "name": "mixamorigLeftHandPinky3",
            "layers": 1,
            "matrix": [
                1.0000000000000002,
                -1.1821504647836604e-7,
                8.511923170958593e-8,
                0,
                1.1786355677994309e-7,
                0.9999915958598625,
                0.004117708719479496,
                0,
                -8.560529146342917e-8,
                -0.0041177087185140454,
                0.9999915956278519,
                0,
                -0.0013222722336649895,
                2.0033934116363525,
                0,
                1
            ],
            "parent": 22
        }
    },
    {
        "metadata": {
            "version": 4.5,
            "type": "Object",
            "generator": "Object3D.toJSON"
        },
        "object": {
            "uuid": "7613BFE3-27C2-43B7-95E2-DE5F03AF8F6A",
            "type": "Bone",
            "name": "mixamorigLeftHandPinky4",
            "layers": 1,
            "matrix": [
                1,
                -1.1633822784908567e-9,
                -6.364438437362869e-10,
                0,
                1.1633822803112401e-9,
                1,
                2.8602422648866156e-9,
                0,
                6.364438404087318e-10,
                -2.860242265627043e-9,
                1,
                0,
                -0.0012634340673685074,
                1.8545255661010742,
                0,
                1
            ],
            "parent": 23
        }
    },
    {
        "metadata": {
            "version": 4.5,
            "type": "Object",
            "generator": "Object3D.toJSON"
        },
        "object": {
            "uuid": "2368EB24-FE8E-4A31-9920-CC78A79E7E1A",
            "type": "Bone",
            "name": "mixamorigRightShoulder",
            "layers": 1,
            "matrix": [
                -0.01131475107286007,
                -0.0000018505189218399327,
                0.9999361652015755,
                0,
                -0.9548053791423413,
                -0.29703567896502103,
                -0.010804624569199258,
                0,
                0.2970166895259619,
                -0.9548665259487028,
                0.0033591173364750974,
                0,
                -5.949112415313721,
                13.24785041809082,
                -0.06729253381490707,
                1
            ],
            "parent": 0
        }
    },
    {
        "metadata": {
            "version": 4.5,
            "type": "Object",
            "generator": "Object3D.toJSON"
        },
        "object": {
            "uuid": "CFCC0F05-A287-47CE-B071-7053C4BC8AFF",
            "type": "Bone",
            "name": "mixamorigRightArm",
            "layers": 1,
            "matrix": [
                0.9971547719793896,
                0.07538085830692788,
                3.6637966119498294e-9,
                0,
                -0.07348795069668634,
                0.9721149796108226,
                -0.22269210786132068,
                0,
                -0.01678672793345169,
                0.22205852611561988,
                0.9748888000881659,
                0,
                0,
                12.472145080566406,
                0,
                1
            ],
            "parent": 24
        }
    },
    {
        "metadata": {
            "version": 4.5,
            "type": "Object",
            "generator": "Object3D.toJSON"
        },
        "object": {
            "uuid": "D3BAC4C6-8749-4FFD-8DDC-5A1DA4ED7F32",
            "type": "Bone",
            "name": "mixamorigRightForeArm",
            "layers": 1,
            "matrix": [
                0.9915382267654812,
                -0.12981530900991367,
                -6.58797936818345e-8,
                0,
                0.12875181446753153,
                0.9834152473935045,
                -0.12773983606913406,
                0,
                0.01658265093087016,
                0.1266589209268054,
                0.9918077582727771,
                0,
                0,
                23.81985092163086,
                0,
                1
            ],
            "parent": 25
        }
    },
    {
        "metadata": {
            "version": 4.5,
            "type": "Object",
            "generator": "Object3D.toJSON"
        },
        "object": {
            "uuid": "9AFC5762-8E98-4517-AA74-5B0072BCBF2E",
            "type": "Bone",
            "name": "mixamorigRightHand",
            "layers": 1,
            "matrix": [
                0.9996907709729287,
                0.020269633611224303,
                -0.014402727550327121,
                0,
                -0.018961367526238188,
                0.9961321344934935,
                0.08579828155645057,
                0,
                0.01608611832820242,
                -0.0854986487642107,
                0.9962083708548143,
                0,
                0,
                24.559925079345703,
                0,
                1
            ],
            "parent": 26
        }
    },
    {
        "metadata": {
            "version": 4.5,
            "type": "Object",
            "generator": "Object3D.toJSON"
        },
        "object": {
            "uuid": "7F21F9EE-CC86-45A6-92E0-18610F535440",
            "type": "Bone",
            "name": "mixamorigRightHandThumb1",
            "layers": 1,
            "matrix": [
                0.7952453475787791,
                -0.6062879586360227,
                0.000001786836794091926,
                0,
                0.5742702610368604,
                0.753249870493772,
                0.32066840416893044,
                0,
                -0.19441873890834088,
                -0.25500903146750625,
                0.9471916032955398,
                0,
                2.812490701675415,
                2.4428415298461914,
                1.2349543571472168,
                1
            ],
            "parent": 27
        }
    },
    {
        "metadata": {
            "version": 4.5,
            "type": "Object",
            "generator": "Object3D.toJSON"
        },
        "object": {
            "uuid": "0326AD20-20EC-4170-80F1-CCF088AF5E44",
            "type": "Bone",
            "name": "mixamorigRightHandThumb2",
            "layers": 1,
            "matrix": [
                0.9999999999999918,
                4.6490734894970775e-7,
                -7.964212928154546e-7,
                0,
                -4.0840162648918334e-7,
                0.9975794566232367,
                0.06953655628724081,
                0,
                8.268216235897594e-7,
                -0.06953656024144265,
                0.9975795133555283,
                0,
                0.6044397354125977,
                3.0810012817382812,
                0,
                1
            ],
            "parent": 28
        }
    },
    {
        "metadata": {
            "version": 4.5,
            "type": "Object",
            "generator": "Object3D.toJSON"
        },
        "object": {
            "uuid": "865479F7-AA02-4AE6-8653-B5D2A0CBDCE4",
            "type": "Bone",
            "name": "mixamorigRightHandThumb3",
            "layers": 1,
            "matrix": [
                0.9999999999999989,
                2.923134756371363e-7,
                -2.1864470637697572e-7,
                0,
                -2.8955225913393045e-7,
                0.9999215601801473,
                0.012523913943360724,
                0,
                2.2228846478820336e-7,
                -0.012523913946071816,
                0.9999215604017427,
                0,
                -0.32690975069999695,
                3.048917055130005,
                0,
                1
            ],
            "parent": 29
        }
    },
    {
        "metadata": {
            "version": 4.5,
            "type": "Object",
            "generator": "Object3D.toJSON"
        },
        "object": {
            "uuid": "3BDD26A8-4EC7-47EB-A58C-173179ACF7E7",
            "type": "Bone",
            "name": "mixamorigRightHandThumb4",
            "layers": 1,
            "matrix": [
                0.9999999403953556,
                5.7087552999267185e-8,
                -2.9499427244210017e-7,
                0,
                -5.7087509744326034e-8,
                0.9999998807907112,
                1.3509501370752638e-7,
                0,
                2.94994244988283e-7,
                -1.3509498881474613e-7,
                0.9999998211860653,
                0,
                -0.27753746509552,
                2.551222085952759,
                0,
                1
            ],
            "parent": 30
        }
    },
    {
        "metadata": {
            "version": 4.5,
            "type": "Object",
            "generator": "Object3D.toJSON"
        },
        "object": {
            "uuid": "2F7603C1-7C17-4098-A41D-E1AB1BE24B3E",
            "type": "Bone",
            "name": "mixamorigRightHandIndex1",
            "layers": 1,
            "matrix": [
                0.9987462165905098,
                -0.050061018872733884,
                -1.7353364462013536e-9,
                0,
                0.050017115899658696,
                0.9978703254899062,
                0.04187191491548634,
                0,
                -0.002096148816327671,
                -0.04181941320161202,
                0.9991230366707184,
                0,
                3.351133108139038,
                8.367228507995605,
                0.11074524372816086,
                1
            ],
            "parent": 27
        }
    },
    {
        "metadata": {
            "version": 4.5,
            "type": "Object",
            "generator": "Object3D.toJSON"
        },
        "object": {
            "uuid": "3821D409-00C2-4837-BC60-430067399183",
            "type": "Bone",
            "name": "mixamorigRightHandIndex2",
            "layers": 1,
            "matrix": [
                0.9999999403953554,
                5.6414669428693826e-8,
                1.2592169956147752e-7,
                0,
                -7.855147286094036e-8,
                0.9830389058607092,
                0.18339693118544811,
                0,
                -1.1343966561233897e-7,
                -0.1833969414301677,
                0.983038960774109,
                0,
                -0.002763527911156416,
                3.0683302879333496,
                0,
                1
            ],
            "parent": 31
        }
    },
    {
        "metadata": {
            "version": 4.5,
            "type": "Object",
            "generator": "Object3D.toJSON"
        },
        "object": {
            "uuid": "3D54C79C-E832-4F6B-B12D-172FF5EF1FBF",
            "type": "Bone",
            "name": "mixamorigRightHandIndex3",
            "layers": 1,
            "matrix": [
                0.9999999999999997,
                7.507984951218478e-9,
                -7.103702013889877e-8,
                0,
                -1.1191261855839962e-8,
                0.9986475111603693,
                -0.05199305042996383,
                0,
                7.055057608131522e-8,
                0.051993047304917654,
                0.9986474511365708,
                0,
                0.002069382695481181,
                2.7797436714172363,
                0,
                1
            ],
            "parent": 32
        }
    },
    {
        "metadata": {
            "version": 4.5,
            "type": "Object",
            "generator": "Object3D.toJSON"
        },
        "object": {
            "uuid": "AE4E89C7-756A-4F42-B670-01DEA8EDC548",
            "type": "Bone",
            "name": "mixamorigRightHandIndex4",
            "layers": 1,
            "matrix": [
                1,
                -1.1209540384600471e-9,
                -1.937122882124321e-9,
                0,
                1.1209539541239002e-9,
                1,
                -4.3536807937647416e-8,
                0,
                1.937122930927081e-9,
                4.3536807935475975e-8,
                0.9999999999999997,
                0,
                0.0006927100475877523,
                2.490074396133423,
                0,
                1
            ],
            "parent": 33
        }
    },
    {
        "metadata": {
            "version": 4.5,
            "type": "Object",
            "generator": "Object3D.toJSON"
        },
        "object": {
            "uuid": "8D5FC951-9748-4C52-B3C5-64D925FEC3B3",
            "type": "Bone",
            "name": "mixamorigRightHandMiddle1",
            "layers": 1,
            "matrix": [
                0.9998336434175069,
                -0.01823660276279573,
                -1.4409339166197735e-8,
                0,
                0.018221753728808517,
                0.9990195035613368,
                0.04034866967232057,
                0,
                -0.0007358083160094896,
                -0.04034196043130001,
                0.9991856814142066,
                0,
                0.9177535772323608,
                8.605765342712402,
                -0.17204990983009338,
                1
            ],
            "parent": 27
        }
    },
    {
        "metadata": {
            "version": 4.5,
            "type": "Object",
            "generator": "Object3D.toJSON"
        },
        "object": {
            "uuid": "71CC9FB7-80FA-4044-A63F-8500D1B192AD",
            "type": "Bone",
            "name": "mixamorigRightHandMiddle2",
            "layers": 1,
            "matrix": [
                1.0000001192092896,
                -6.912452817024545e-10,
                -4.862775623750337e-9,
                0,
                1.666502930480102e-9,
                0.9790686319242805,
                0.20353119975930248,
                0,
                4.620300303402773e-9,
                -0.20353118911638773,
                0.979068580727491,
                0,
                -0.001352611929178238,
                3.2304463386535645,
